trans: [0.242235785887492, 0.0357624525677812, 0.18254923291985084, ]
rot: [-0.6363646242621549, 0.6243542088694131, -0.328743312002202, 0.31168850102074447, ]
rot_euler: [-2.20161690476, -0.0291973217011, -1.56657520181, ]
rot_matrix: [[ 0.00421931 -0.58970284  0.80760928  0.        ], [-0.99956488 -0.0260642  -0.01380947  0.        ], [ 0.02919317 -0.80719961 -0.58955623  0.        ], [0. 0. 0. 1.], ]
rot_second_matrix: [[ 0.00421931 -0.58970284  0.80760928  0.        ], [-0.99956488 -0.0260642  -0.01380947  0.        ], [ 0.02919317 -0.80719961 -0.58955623  0.        ], [0. 0. 0. 1.], ]
parent: /base
child: /kinect2_link
